#ser rs fade interleaved
#SNR SER
 -7.00	  1.00000000
 -6.90	  1.00000000
 -6.80	  1.00000000
 -6.70	  1.00000000
 -6.60	  1.00000000
 -6.50	  1.00000000
 -6.40	  1.00000000
 -6.30	  1.00000000
 -6.20	  1.00000000
 -6.10	  1.00000000
 -6.00	  1.00000000
 -5.90	  1.00000000
 -5.80	  1.00000000
 -5.70	  1.00000000
 -5.60	  1.00000000
 -5.50	  1.00000000
 -5.40	  1.00000000
 -5.30	  1.00000000
 -5.20	  1.00000000
 -5.10	  1.00000000
 -5.00	  1.00000000
 -4.90	  1.00000000
 -4.80	  1.00000000
 -4.70	  1.00000000
 -4.60	  1.00000000
 -4.50	  1.00000000
 -4.40	  1.00000000
 -4.30	  1.00000000
 -4.20	  1.00000000
 -4.10	  1.00000000
 -4.00	  1.00000000
 -3.90	  1.00000000
 -3.80	  1.00000000
 -3.70	  1.00000000
 -3.60	  1.00000000
 -3.50	  1.00000000
 -3.40	  1.00000000
 -3.30	  1.00000000
 -3.20	  1.00000000
 -3.10	  1.00000000
 -3.00	  1.00000000
 -2.90	  1.00000000
 -2.80	  1.00000000
 -2.70	  1.00000000
 -2.60	  1.00000000
 -2.50	  1.00000000
 -2.40	  1.00000000
 -2.30	  1.00000000
 -2.20	  1.00000000
 -2.10	  1.00000000
 -2.00	  1.00000000
 -1.90	  1.00000000
 -1.80	  1.00000000
 -1.70	  1.00000000
 -1.60	  1.00000000
 -1.50	  1.00000000
 -1.40	  1.00000000
 -1.30	  1.00000000
 -1.20	  1.00000000
 -1.10	  1.00000000
 -1.00	  1.00000000
 -0.90	  1.00000000
 -0.80	  1.00000000
 -0.70	  1.00000000
 -0.60	  1.00000000
 -0.50	  1.00000000
 -0.40	  1.00000000
 -0.30	  1.00000000
 -0.20	  1.00000000
 -0.10	  1.00000000
 0	1
0.100000000000000	1
0.200000000000000	1
0.300000000000000	1
0.400000000000000	1
0.500000000000000	1
0.600000000000000	1
0.700000000000000	1
0.800000000000000	1
0.900000000000000	1
1.00000000000000	1
1.10000000000000	1
1.20000000000000	1
1.30000000000000	1
1.40000000000000	1
1.50000000000000	1
1.60000000000000	1
1.70000000000000	1
1.80000000000000	1
1.90000000000000	1
2.00000000000000	1
2.10000000000000	1
2.20000000000000	1
2.30000000000000	1
2.40000000000000	1
2.50000000000000	1
2.60000000000000	1
2.70000000000000	1
2.80000000000000	1
2.90000000000000	1
3.00000000000000	1
3.10000000000000	1
3.20000000000000	1
3.30000000000000	1
3.40000000000000	1
3.50000000000000	1
3.60000000000000	1
3.70000000000000	1
3.80000000000000	1
3.90000000000000	1
4.00000000000000	1
4.10000000000000	1
4.20000000000000	1
4.30000000000000	1
4.40000000000000	1
4.50000000000000	1
4.60000000000000	1
4.70000000000000	1
4.80000000000000	1
4.90000000000000	1
5.00000000000000	1
5.10000000000000	1
5.20000000000000	1
5.30000000000000	1
5.40000000000000	1
5.50000000000000	1
5.60000000000000	1
5.70000000000000	1
5.80000000000000	1
5.90000000000000	1
6.00000000000000	1
6.09999999999999	1
6.19999999999999	1
6.29999999999999	1
6.39999999999999	1
6.49999999999999	1
6.59999999999999	1
6.69999999999999	1
6.79999999999999	1
6.89999999999999	1
6.99999999999999	1
7.09999999999999	1
7.19999999999999	1
7.29999999999999	1
7.39999999999999	1
7.49999999999999	1
7.59999999999999	1
7.69999999999999	1
7.79999999999999	1
7.89999999999999	1
7.99999999999999	1
8.09999999999999	1
8.19999999999999	1
8.29999999999999	1
8.39999999999999	1
8.49999999999999	1
8.59999999999999	0.999590499590500
8.69999999999999	1
8.79999999999999	1
8.89999999999998	0.999590499590500
8.99999999999998	0.999180999180999
9.09999999999998	0.999180999180999
9.19999999999998	1
9.29999999999998	0.997542997542998
9.39999999999998	0.997952497952498
9.49999999999998	0.995085995085995
9.59999999999998	0.993857493857494
9.69999999999998	0.991400491400491
9.79999999999998	0.989762489762490
9.89999999999998	0.990171990171990
9.99999999999998	0.981572481572482
10.1000000000000	0.979934479934480
10.2000000000000	0.977477477477478
10.3000000000000	0.966830466830467
10.4000000000000	0.962735462735463
10.5000000000000	0.951678951678952
10.6000000000000	0.945536445536446
10.7000000000000	0.931613431613432
10.8000000000000	0.923423423423423
10.9000000000000	0.908271908271908
11.0000000000000	0.881654381654382
11.1000000000000	0.877968877968878
11.2000000000000	0.855855855855856
11.3000000000000	0.842342342342342
11.4000000000000	0.816543816543817
11.5000000000000	0.805077805077805
11.6000000000000	0.791564291564292
11.7000000000000	0.774365274365274
11.8000000000000	0.734643734643735
11.9000000000000	0.704750204750205
12.0000000000000	0.691236691236691
12.1000000000000	0.641687141687142
12.2000000000000	0.649058149058149
12.3000000000000	0.610155610155610
12.4000000000000	0.590090090090090
12.5000000000000	0.546683046683047
12.6000000000000	0.541359541359541
12.7000000000000	0.504914004914005
12.8000000000000	0.476248976248976
12.9000000000000	0.463144963144963
13.0000000000000	0.456183456183456
13.1000000000000	0.426699426699427
13.2000000000000	0.402948402948403
13.3000000000000	0.400900900900901
13.4000000000000	0.376330876330876
13.5000000000000	0.340704340704341
13.6000000000000	0.330466830466830
13.7000000000000	0.304258804258804
13.8000000000000	0.285421785421785
13.9000000000000	0.274774774774775
14.0000000000000	0.268632268632269
14.1000000000000	0.239967239967240
14.2000000000000	0.239148239148239
14.3000000000000	0.227272727272727
14.4000000000000	0.213759213759214
14.5000000000000	0.200655200655201
14.6000000000000	0.192874692874693
14.7000000000000	0.179770679770680
14.8000000000000	0.162981162981163
14.9000000000000	0.151105651105651
15.0000000000000	0.157248157248157
15.1000000000000	0.136773136773137
15.2000000000000	0.126126126126126
15.3000000000000	0.115479115479115
15.4000000000000	0.108517608517609
15.5000000000000	0.111793611793612
15.6000000000000	0.106470106470106
15.7000000000000	0.0917280917280917
15.8000000000000	0.0945945945945946
15.9000000000000	0.0900900900900901
16.0000000000000	0.0859950859950860
16.1000000000000	0.0753480753480754
16.2000000000000	0.0708435708435709
16.3000000000000	0.0720720720720721
16.4000000000000	0.0618345618345618
16.5000000000000	0.0556920556920557
16.6000000000000	0.0507780507780508
16.7000000000000	0.0524160524160524
16.8000000000000	0.0462735462735463
16.9000000000000	0.0458640458640459
17.0000000000000	0.0401310401310401
17.1000000000000	0.0380835380835381
17.2000000000000	0.0356265356265356
17.3000000000000	0.0327600327600328
17.4000000000000	0.0307125307125307
17.5000000000000	0.0278460278460278
17.6000000000000	0.0270270270270270
17.7000000000000	0.0245700245700246
17.8000000000000	0.0225225225225225
17.9000000000000	0.0241605241605242
18.0000000000000	0.0188370188370188
18.1000000000000	0.0167895167895168
18.2000000000000	0.0184275184275184
18.3000000000000	0.0147420147420147
18.4000000000000	0.0143325143325143
18.5000000000000	0.0118755118755119
18.6000000000000	0.0139230139230139
18.7000000000000	0.0110565110565111
18.8000000000000	0.00900900900900901
18.9000000000000	0.00778050778050778
19	0.0122850122850123
19.1000000000000	0.00696150696150696
19.2000000000000	0.00819000819000819
19.3000000000000	0.00532350532350532
19.4000000000000	0.00573300573300573
19.5000000000000	0.00614250614250614
19.6000000000000	0.00409500409500410
19.7000000000000	0.00573300573300573
19.8000000000000	0.00491400491400491
19.9000000000000	0.00409500409500410
20.0000000000000	0.00409500409500410
20.1000000000000	0.00204750204750205
20.2000000000000	0.00163800163800164
20.3000000000000	0.00409500409500410
20.4000000000000	0.00532350532350532
20.5000000000000	0.000819000819000819
20.6000000000000	0.00204750204750205
20.7000000000000	0.00122850122850123
20.8000000000000	0.00286650286650287
20.9000000000000	0.00122850122850123
21.0000000000000	0.00204750204750205
21.1000000000000	0.00122850122850123
21.2000000000000	0.00122850122850123
21.3000000000000	0.000409500409500410
21.4000000000000	0.000409500409500410
21.5000000000000	0.00122850122850123
21.6000000000000	0.00122850122850123
21.7000000000000	0.00163800163800164
21.8000000000000	0.000409500409500410
21.9000000000000	0
22.0000000000000	0.000409500409500410
22.1000000000000	0.000409500409500410
22.2000000000000	0.000409500409500410
22.3000000000000	0.000819000819000819
22.4000000000001	0
22.5000000000001	0.000409500409500410
22.6000000000001	0
22.7000000000001	0
22.8000000000001	0
22.9000000000001	0
23.0000000000001	0
23.1000000000001	0
23.2000000000001	0
23.3000000000001	0
23.4000000000001	0
23.5000000000001	0.000409500409500410
23.6000000000001	0.000409500409500410
23.7000000000001	0
23.8000000000001	0
23.9000000000001	0
24.0000000000001	0
24.1000000000001	0
24.2000000000001	0
24.3000000000001	0
24.4000000000001	0.000409500409500410
24.5000000000001	0
24.6000000000001	0
24.7000000000001	0
24.8000000000001	0
24.9000000000001	0
25.0000000000001	0
25.1000000000001	0
25.2000000000001	0
25.3000000000001	0
25.4000000000001	0
25.5000000000001	0
25.6000000000001	0
25.7000000000001	0
25.8000000000001	0
25.9000000000001	0
26.0000000000001	0
26.1000000000001	0
26.2000000000001	0
26.3000000000001	0
26.4000000000001	0
26.5000000000001	0
26.6000000000001	0
26.7000000000001	0
26.8000000000001	0
26.9000000000001	0
27.0000000000001	0
27.1000000000001	0
27.2000000000001	0
27.3000000000001	0
27.4000000000001	0
27.5000000000001	0
27.6000000000001	0
27.7000000000001	0
27.8000000000001	0
27.9000000000001	0
28.0000000000001	0
28.1000000000001	0
28.2000000000001	0
28.3000000000001	0
28.4000000000001	0
28.5000000000001	0
28.6000000000001	0
28.7000000000001	0
28.8000000000001	0
28.9000000000001	0
29.0000000000001	0
29.1000000000001	0
29.2000000000001	0
29.3000000000001	0
29.4000000000001	0
29.5000000000002	0
29.6000000000002	0
29.7000000000002	0
29.8000000000002	0
29.9000000000002	0
